{
  "advancedEditorSelectedIdentifier" : "ShaderGraphEditorPluginID",
  "openSceneRelativePaths" : [
    "Scene.usda"
  ],
  "recentIdentifiers" : {
    "EC3A0F75-C0D1-4193-A3C3-07639888FCF8" : [

    ],
    "ED5D6B31-B089-42D4-A613-0626899E0FA2" : [

    ]
  },
  "sceneCameraHistory" : {
    "EC3A0F75-C0D1-4193-A3C3-07639888FCF8" : [
      {
        "date" : 729214034.912818,
        "title" : "Untitled",
        "transform" : [
          0.9999993,
          5.044385e-09,
          -0.0011868083,
          0,
          -0.0002202811,
          0.98262554,
          -0.18559895,
          0,
          0.0011662166,
          0.18559903,
          0.9826249,
          0,
          0.00061571505,
          0.102503866,
          0.5188427,
          1
        ]
      },
      {
        "date" : 729213968.947064,
        "title" : "Untitled",
        "transform" : [
          0.9999993,
          5.044385e-09,
          -0.0011868083,
          0,
          -0.0002202811,
          0.98262554,
          -0.18559895,
          0,
          0.0011662167,
          0.18559904,
          0.982625,
          0,
          0.0006167283,
          0.098154604,
          0.51966417,
          1
        ]
      },
      {
        "date" : 729213954.545256,
        "title" : "Untitled",
        "transform" : [
          0.9994748,
          5.04667e-09,
          -0.03240456,
          0,
          -0.004771154,
          0.9891013,
          -0.14715946,
          0,
          0.03205142,
          0.14723672,
          0.9885819,
          0,
          0.016950462,
          0.077866584,
          0.5228145,
          1
        ]
      },
      {
        "date" : 729181928.433568,
        "title" : "Untitled",
        "transform" : [
          0.9474163,
          4.9005457e-09,
          -0.32000363,
          0,
          -0.08949819,
          0.9600937,
          -0.26497212,
          0,
          0.3072335,
          0.2796786,
          0.9096085,
          0,
          0.16248132,
          0.14790887,
          0.48104918,
          1
        ]
      },
      {
        "date" : 729181915.48868,
        "title" : "Untitled",
        "transform" : [
          0.2613749,
          5.2728257e-09,
          -0.9652374,
          0,
          -0.38889572,
          0.9152433,
          -0.105308354,
          0,
          0.8834271,
          0.4029016,
          0.23922162,
          0,
          0.46720308,
          0.21307571,
          0.1265131,
          1
        ]
      },
      {
        "date" : 729181883.720651,
        "title" : "Untitled",
        "transform" : [
          0.38018572,
          -3.5678838e-09,
          -0.9249102,
          0,
          -0.0881681,
          0.9954461,
          -0.036241625,
          0,
          0.9206982,
          0.09532609,
          0.3784544,
          0,
          0.48691407,
          0.050413467,
          0.20014676,
          1
        ]
      },
      {
        "date" : 729181691.560515,
        "title" : "Untitled",
        "transform" : [
          1,
          0,
          -0,
          0,
          -0,
          0.8660254,
          -0.5,
          0,
          0,
          0.5,
          0.8660254,
          0,
          0,
          0.2644265,
          0.4580002,
          1
        ]
      }
    ],
    "ED5D6B31-B089-42D4-A613-0626899E0FA2" : [
      {
        "date" : 729266549.450343,
        "title" : "Untitled",
        "transform" : [
          0.9999975,
          1.15219154e-10,
          0.0022484562,
          0,
          0.0014249035,
          0.7735581,
          -0.63372374,
          0,
          -0.0017393122,
          0.6337253,
          0.7735562,
          0,
          -0.0008370176,
          0.30497062,
          0.37226218,
          1
        ]
      },
      {
        "date" : 729266530.701023,
        "title" : "Untitled",
        "transform" : [
          0.9999975,
          1.15219154e-10,
          0.0022484562,
          0,
          0.0014249035,
          0.7735581,
          -0.63372374,
          0,
          -0.0017393122,
          0.6337253,
          0.7735562,
          0,
          -0.03300351,
          12.024957,
          14.678256,
          1
        ]
      },
      {
        "date" : 729264800.943721,
        "title" : "Untitled",
        "transform" : [
          0.9999976,
          1.1521917e-10,
          0.0022484565,
          0,
          0.0014249036,
          0.7735582,
          -0.6337238,
          0,
          -0.0017393124,
          0.63372535,
          0.7735563,
          0,
          -0.0012354371,
          0.4501363,
          0.5494586,
          1
        ]
      },
      {
        "date" : 729264786.258211,
        "title" : "Untitled",
        "transform" : [
          0.9999901,
          1.5944945e-10,
          0.004462871,
          0,
          0.00013793867,
          0.9995222,
          -0.030907763,
          0,
          -0.004460739,
          0.030908026,
          0.9995123,
          0,
          -0.0031684716,
          0.02195395,
          0.7099556,
          1
        ]
      },
      {
        "date" : 729264707.0791,
        "title" : "Untitled",
        "transform" : [
          1,
          0,
          0,
          0,
          0,
          0.7071069,
          -0.70710677,
          0,
          0,
          0.70710677,
          0.7071069,
          0,
          0,
          0.50225925,
          0.5022595,
          1
        ]
      },
      {
        "date" : 729264700.67798,
        "title" : "Untitled",
        "transform" : [
          0.994671,
          -1.484541e-08,
          -0.103100605,
          0,
          -0.00726217,
          0.9975161,
          -0.07006288,
          0,
          0.102844365,
          0.070438415,
          0.99220043,
          0,
          0.03427051,
          0.023471909,
          0.3306268,
          1
        ]
      },
      {
        "date" : 729264689.096405,
        "title" : "Untitled",
        "transform" : [
          0.565935,
          -1.522865e-08,
          0.82444996,
          0,
          -0.017749151,
          0.9997682,
          0.012183787,
          0,
          -0.8242589,
          -0.021528363,
          0.5658037,
          0,
          -0.2746643,
          -0.0071737957,
          0.18854052,
          1
        ]
      },
      {
        "date" : 729264687.612103,
        "title" : "Untitled",
        "transform" : [
          0.5646563,
          -1.9470942e-08,
          0.8253262,
          0,
          0.21726802,
          0.9647273,
          -0.14864634,
          0,
          -0.79621476,
          0.26325125,
          0.5447392,
          0,
          -0.2653193,
          0.08772214,
          0.1815213,
          1
        ]
      },
      {
        "date" : 729264686.21255,
        "title" : "Untitled",
        "transform" : [
          -0.8830943,
          -1.9743744e-08,
          0.46919563,
          0,
          0.116731524,
          0.96855724,
          0.21970578,
          0,
          -0.45444265,
          0.24879101,
          -0.8553273,
          0,
          -0.15143214,
          0.082903616,
          -0.28501713,
          1
        ]
      },
      {
        "date" : 729264684.429535,
        "title" : "Untitled",
        "transform" : [
          -0.976566,
          -1.4889815e-08,
          -0.21521842,
          0,
          -0.005717971,
          0.99964714,
          0.025945425,
          0,
          0.21514253,
          0.026568213,
          -0.9762212,
          0,
          0.07169096,
          0.0088532325,
          -0.32530218,
          1
        ]
      }
    ]
  },
  "selectedSceneRelativePath" : "Scene.usda"
}