{
  "advancedEditorSelectedIdentifier" : "ShaderGraphEditorPluginID",
  "openSceneRelativePaths" : [
    "Scene.usda"
  ],
  "recentIdentifiers" : {
    "EC3A0F75-C0D1-4193-A3C3-07639888FCF8" : [

    ],
    "ED5D6B31-B089-42D4-A613-0626899E0FA2" : [

    ]
  },
  "sceneCameraHistory" : {
    "EC3A0F75-C0D1-4193-A3C3-07639888FCF8" : [
      {
        "date" : 729214034.912818,
        "title" : "Untitled",
        "transform" : [
          0.9999993,
          5.044385e-09,
          -0.0011868083,
          0,
          -0.0002202811,
          0.98262554,
          -0.18559895,
          0,
          0.0011662166,
          0.18559903,
          0.9826249,
          0,
          0.00061571505,
          0.102503866,
          0.5188427,
          1
        ]
      },
      {
        "date" : 729213968.947064,
        "title" : "Untitled",
        "transform" : [
          0.9999993,
          5.044385e-09,
          -0.0011868083,
          0,
          -0.0002202811,
          0.98262554,
          -0.18559895,
          0,
          0.0011662167,
          0.18559904,
          0.982625,
          0,
          0.0006167283,
          0.098154604,
          0.51966417,
          1
        ]
      },
      {
        "date" : 729213954.545256,
        "title" : "Untitled",
        "transform" : [
          0.9994748,
          5.04667e-09,
          -0.03240456,
          0,
          -0.004771154,
          0.9891013,
          -0.14715946,
          0,
          0.03205142,
          0.14723672,
          0.9885819,
          0,
          0.016950462,
          0.077866584,
          0.5228145,
          1
        ]
      },
      {
        "date" : 729181928.433568,
        "title" : "Untitled",
        "transform" : [
          0.9474163,
          4.9005457e-09,
          -0.32000363,
          0,
          -0.08949819,
          0.9600937,
          -0.26497212,
          0,
          0.3072335,
          0.2796786,
          0.9096085,
          0,
          0.16248132,
          0.14790887,
          0.48104918,
          1
        ]
      },
      {
        "date" : 729181915.48868,
        "title" : "Untitled",
        "transform" : [
          0.2613749,
          5.2728257e-09,
          -0.9652374,
          0,
          -0.38889572,
          0.9152433,
          -0.105308354,
          0,
          0.8834271,
          0.4029016,
          0.23922162,
          0,
          0.46720308,
          0.21307571,
          0.1265131,
          1
        ]
      },
      {
        "date" : 729181883.720651,
        "title" : "Untitled",
        "transform" : [
          0.38018572,
          -3.5678838e-09,
          -0.9249102,
          0,
          -0.0881681,
          0.9954461,
          -0.036241625,
          0,
          0.9206982,
          0.09532609,
          0.3784544,
          0,
          0.48691407,
          0.050413467,
          0.20014676,
          1
        ]
      },
      {
        "date" : 729181691.560515,
        "title" : "Untitled",
        "transform" : [
          1,
          0,
          -0,
          0,
          -0,
          0.8660254,
          -0.5,
          0,
          0,
          0.5,
          0.8660254,
          0,
          0,
          0.2644265,
          0.4580002,
          1
        ]
      }
    ],
    "ED5D6B31-B089-42D4-A613-0626899E0FA2" : [
      {
        "date" : 729469709.468963,
        "title" : "Untitled",
        "transform" : [
          1,
          0,
          0,
          0,
          0,
          0.7071069,
          -0.70710677,
          0,
          0,
          0.70710677,
          0.7071069,
          0,
          -0.0062133074,
          0.19277956,
          0.25554347,
          1
        ]
      },
      {
        "date" : 729465147.284601,
        "title" : "Untitled",
        "transform" : [
          1,
          0,
          0,
          0,
          0,
          0.7071069,
          -0.70710677,
          0,
          0,
          0.70710677,
          0.7071069,
          0,
          0,
          0.22416149,
          0.22416152,
          1
        ]
      },
      {
        "date" : 729464721.839178,
        "title" : "Untitled",
        "transform" : [
          1,
          0,
          0,
          0,
          0,
          0.7071069,
          -0.70710677,
          0,
          0,
          0.70710677,
          0.7071069,
          0,
          0,
          0.44423598,
          0.444236,
          1
        ]
      },
      {
        "date" : 729464718.939268,
        "title" : "Untitled",
        "transform" : [
          1,
          0,
          0,
          0,
          0,
          0.7071069,
          -0.70710677,
          0,
          0,
          0.70710677,
          0.7071069,
          0,
          0,
          1.0467502,
          1.0467503,
          1
        ]
      },
      {
        "date" : 729464706.389362,
        "title" : "Untitled",
        "transform" : [
          0.98532826,
          1.4693271e-09,
          -0.17067005,
          0,
          -0.031548217,
          0.9827669,
          -0.1821372,
          0,
          0.16772906,
          0.18484932,
          0.96834785,
          0,
          0.019126585,
          0.080529064,
          0.23411621,
          1
        ]
      },
      {
        "date" : 729381645.060582,
        "title" : "Untitled",
        "transform" : [
          0.5482995,
          4.986802e-10,
          0.83628213,
          0,
          0.079530485,
          0.9954678,
          -0.052143294,
          0,
          -0.83249164,
          0.09510013,
          0.5458146,
          0,
          -0.21251391,
          0.0590144,
          0.11408901,
          1
        ]
      },
      {
        "date" : 729381578.393257,
        "title" : "Untitled",
        "transform" : [
          0.97526497,
          5.268845e-09,
          0.2210393,
          0,
          0.083906084,
          0.9251516,
          -0.37020856,
          0,
          -0.20449464,
          0.379598,
          0.9022679,
          0,
          -0.06763684,
          0.1261353,
          0.20291945,
          1
        ]
      },
      {
        "date" : 729381363.189139,
        "title" : "Untitled",
        "transform" : [
          0.97526497,
          5.268845e-09,
          0.2210393,
          0,
          0.083906084,
          0.9251516,
          -0.37020856,
          0,
          -0.20449464,
          0.379598,
          0.9022679,
          0,
          -0.035448715,
          0.06902532,
          0.23424183,
          1
        ]
      },
      {
        "date" : 729381334.231088,
        "title" : "Untitled",
        "transform" : [
          0.97526497,
          5.268845e-09,
          0.2210393,
          0,
          0.083906084,
          0.9251516,
          -0.37020856,
          0,
          -0.20449464,
          0.379598,
          0.9022679,
          0,
          -0.07460092,
          0.17142963,
          0.18228513,
          1
        ]
      },
      {
        "date" : 729381325.921876,
        "title" : "Untitled",
        "transform" : [
          0.99424744,
          1.7869433e-09,
          -0.10710744,
          0,
          0.003340545,
          0.9995135,
          0.031009085,
          0,
          0.107055545,
          -0.031188492,
          0.99376374,
          0,
          -0.0057861423,
          0.077179186,
          0.24938157,
          1
        ]
      }
    ]
  },
  "selectedSceneRelativePath" : "Scene.usda"
}