{
  "advancedEditorSelectedIdentifier" : "ShaderGraphEditorPluginID",
  "openSceneRelativePaths" : [
    "Scene.usda"
  ],
  "recentIdentifiers" : {
    "EC3A0F75-C0D1-4193-A3C3-07639888FCF8" : [

    ],
    "ED5D6B31-B089-42D4-A613-0626899E0FA2" : [

    ]
  },
  "sceneCameraHistory" : {
    "EC3A0F75-C0D1-4193-A3C3-07639888FCF8" : [
      {
        "date" : 729214034.912818,
        "title" : "Untitled",
        "transform" : [
          0.9999993,
          5.044385e-09,
          -0.0011868083,
          0,
          -0.0002202811,
          0.98262554,
          -0.18559895,
          0,
          0.0011662166,
          0.18559903,
          0.9826249,
          0,
          0.00061571505,
          0.102503866,
          0.5188427,
          1
        ]
      },
      {
        "date" : 729213968.947064,
        "title" : "Untitled",
        "transform" : [
          0.9999993,
          5.044385e-09,
          -0.0011868083,
          0,
          -0.0002202811,
          0.98262554,
          -0.18559895,
          0,
          0.0011662167,
          0.18559904,
          0.982625,
          0,
          0.0006167283,
          0.098154604,
          0.51966417,
          1
        ]
      },
      {
        "date" : 729213954.545256,
        "title" : "Untitled",
        "transform" : [
          0.9994748,
          5.04667e-09,
          -0.03240456,
          0,
          -0.004771154,
          0.9891013,
          -0.14715946,
          0,
          0.03205142,
          0.14723672,
          0.9885819,
          0,
          0.016950462,
          0.077866584,
          0.5228145,
          1
        ]
      },
      {
        "date" : 729181928.433568,
        "title" : "Untitled",
        "transform" : [
          0.9474163,
          4.9005457e-09,
          -0.32000363,
          0,
          -0.08949819,
          0.9600937,
          -0.26497212,
          0,
          0.3072335,
          0.2796786,
          0.9096085,
          0,
          0.16248132,
          0.14790887,
          0.48104918,
          1
        ]
      },
      {
        "date" : 729181915.48868,
        "title" : "Untitled",
        "transform" : [
          0.2613749,
          5.2728257e-09,
          -0.9652374,
          0,
          -0.38889572,
          0.9152433,
          -0.105308354,
          0,
          0.8834271,
          0.4029016,
          0.23922162,
          0,
          0.46720308,
          0.21307571,
          0.1265131,
          1
        ]
      },
      {
        "date" : 729181883.720651,
        "title" : "Untitled",
        "transform" : [
          0.38018572,
          -3.5678838e-09,
          -0.9249102,
          0,
          -0.0881681,
          0.9954461,
          -0.036241625,
          0,
          0.9206982,
          0.09532609,
          0.3784544,
          0,
          0.48691407,
          0.050413467,
          0.20014676,
          1
        ]
      },
      {
        "date" : 729181691.560515,
        "title" : "Untitled",
        "transform" : [
          1,
          0,
          -0,
          0,
          -0,
          0.8660254,
          -0.5,
          0,
          0,
          0.5,
          0.8660254,
          0,
          0,
          0.2644265,
          0.4580002,
          1
        ]
      }
    ],
    "ED5D6B31-B089-42D4-A613-0626899E0FA2" : [
      {
        "date" : 729379233.724818,
        "title" : "Untitled",
        "transform" : [
          0.9981613,
          1.0317275e-09,
          0.060613856,
          0,
          0.021844398,
          0.93280333,
          -0.3597232,
          0,
          -0.056540594,
          0.36038586,
          0.9310882,
          0,
          -0.044391356,
          0.1673758,
          0.19543804,
          1
        ]
      },
      {
        "date" : 729379138.643985,
        "title" : "Untitled",
        "transform" : [
          0.9981613,
          1.0317275e-09,
          0.060613856,
          0,
          0.021844398,
          0.93280333,
          -0.3597232,
          0,
          -0.056540594,
          0.36038586,
          0.9310882,
          0,
          -0.020098552,
          0.07578078,
          0.08848619,
          1
        ]
      },
      {
        "date" : 729379033.195702,
        "title" : "Untitled",
        "transform" : [
          0.9981613,
          1.0317275e-09,
          0.060613856,
          0,
          0.021844398,
          0.93280333,
          -0.3597232,
          0,
          -0.056540594,
          0.36038586,
          0.9310882,
          0,
          -0.022444416,
          0.08462576,
          0.098814115,
          1
        ]
      },
      {
        "date" : 729379027.279204,
        "title" : "Untitled",
        "transform" : [
          0.9981613,
          1.0317275e-09,
          0.060613856,
          0,
          0.021844398,
          0.93280333,
          -0.3597232,
          0,
          -0.056540594,
          0.36038586,
          0.9310882,
          0,
          -0.004514072,
          0.04957921,
          0.113468006,
          1
        ]
      },
      {
        "date" : 729379019.344758,
        "title" : "Untitled",
        "transform" : [
          0.99816144,
          1.0317276e-09,
          0.060613863,
          0,
          0.0218444,
          0.93280345,
          -0.35972324,
          0,
          -0.056540594,
          0.36038586,
          0.9310882,
          0,
          -0.0073855966,
          0.0811179,
          0.1856481,
          1
        ]
      },
      {
        "date" : 729379017.062536,
        "title" : "Untitled",
        "transform" : [
          0.99795026,
          3.7722474e-09,
          0.063995354,
          0,
          -0.029450549,
          0.8878161,
          0.4592553,
          0,
          -0.05681587,
          -0.46019858,
          0.88599616,
          0,
          -0.007889647,
          -0.08544789,
          0.1836744,
          1
        ]
      },
      {
        "date" : 729379007.862671,
        "title" : "Untitled",
        "transform" : [
          0.99795026,
          3.7722474e-09,
          0.063995354,
          0,
          -0.029450549,
          0.8878161,
          0.4592553,
          0,
          -0.05681587,
          -0.46019858,
          0.88599616,
          0,
          -0.0048787445,
          -0.05283867,
          0.11357929,
          1
        ]
      },
      {
        "date" : 729379003.661467,
        "title" : "Untitled",
        "transform" : [
          0.99795026,
          3.7722474e-09,
          0.063995354,
          0,
          -0.029450549,
          0.8878161,
          0.4592553,
          0,
          -0.05681587,
          -0.46019858,
          0.88599616,
          0,
          -0.007625108,
          -0.08258283,
          0.17751582,
          1
        ]
      },
      {
        "date" : 729378987.460081,
        "title" : "Untitled",
        "transform" : [
          0.99993294,
          2.327873e-09,
          0.011579066,
          0,
          0.010974765,
          0.31883845,
          -0.94774556,
          0,
          -0.0036916295,
          0.94780904,
          0.31881702,
          0,
          0.0031204324,
          0.18818967,
          0.05445034,
          1
        ]
      },
      {
        "date" : 729378967.964042,
        "title" : "Untitled",
        "transform" : [
          0.9999913,
          2.2468507e-09,
          -0.00416524,
          0,
          -0.0013400698,
          0.94683105,
          -0.32172853,
          0,
          0.0039440035,
          0.32173127,
          0.94682276,
          0,
          0.004511237,
          0.07095097,
          0.18258022,
          1
        ]
      }
    ]
  },
  "selectedSceneRelativePath" : "Scene.usda"
}