{
  "advancedEditorSelectedIdentifier" : "ShaderGraphEditorPluginID",
  "openSceneRelativePaths" : [
    "Scene.usda"
  ],
  "recentIdentifiers" : {
    "26DBAE76-5DD8-47B6-A085-1B4ADA111097" : [

    ]
  },
  "sceneCameraHistory" : {
    "26DBAE76-5DD8-47B6-A085-1B4ADA111097" : [
      {
        "date" : 741247783.900803,
        "title" : "Untitled",
        "transform" : [
          0.9997678,
          8.193334e-09,
          0.021553181,
          0,
          0.0029947439,
          0.99029976,
          -0.13891561,
          0,
          -0.021344084,
          0.13894781,
          0.9900697,
          0,
          -0.011359171,
          0.073946856,
          0.52690655,
          1
        ]
      },
      {
        "date" : 741247779.133628,
        "title" : "Untitled",
        "transform" : [
          0.92043406,
          8.193334e-09,
          -0.39089808,
          0,
          -0.05431448,
          0.99029976,
          -0.12789235,
          0,
          0.38710624,
          0.13894781,
          0.9115055,
          0,
          0.20601459,
          0.073946856,
          0.4850954,
          1
        ]
      },
      {
        "date" : 741247300.326494,
        "title" : "Untitled",
        "transform" : [
          0.99676055,
          6.266333e-09,
          0.080425404,
          0,
          0.024059864,
          0.9542037,
          -0.29818857,
          0,
          -0.07674227,
          0.2991576,
          0.9511127,
          0,
          -0.04084159,
          0.15920912,
          0.50617397,
          1
        ]
      },
      {
        "date" : 741247293.344981,
        "title" : "Untitled",
        "transform" : [
          0.98966366,
          6.6998638e-09,
          -0.14340758,
          0,
          -0.01818628,
          0.9919263,
          -0.12550446,
          0,
          0.14224972,
          0.12681523,
          0.9816735,
          0,
          0.07570406,
          0.06749,
          0.52243817,
          1
        ]
      },
      {
        "date" : 741247284.825761,
        "title" : "Untitled",
        "transform" : [
          0.9383258,
          2.5010278e-09,
          0.34575227,
          0,
          0.13491099,
          0.92073196,
          -0.36613056,
          0,
          -0.31834522,
          0.39019552,
          0.8639466,
          0,
          -0.16942057,
          0.20765871,
          0.4597849,
          1
        ]
      },
      {
        "date" : 741247227.277677,
        "title" : "Untitled",
        "transform" : [
          0.9383258,
          2.5010278e-09,
          0.34575227,
          0,
          0.13491099,
          0.92073196,
          -0.36613056,
          0,
          -0.31834522,
          0.39019552,
          0.8639466,
          0,
          -0.07181466,
          0.0880232,
          0.19489545,
          1
        ]
      },
      {
        "date" : 741247219.812811,
        "title" : "Untitled",
        "transform" : [
          0.9904033,
          -4.69852e-10,
          -0.13820763,
          0,
          -0.03242678,
          0.9720864,
          -0.23237191,
          0,
          0.13434975,
          0.23462343,
          0.9627575,
          0,
          0.030307602,
          0.05292811,
          0.21718594,
          1
        ]
      },
      {
        "date" : 741247212.346799,
        "title" : "Untitled",
        "transform" : [
          0.97695154,
          -2.34067e-10,
          0.21346134,
          0,
          0.039449215,
          0.98277485,
          -0.18054785,
          0,
          -0.2097844,
          0.18480727,
          0.9601233,
          0,
          -0.047324724,
          0.04169021,
          0.21659172,
          1
        ]
      },
      {
        "date" : 741247210.680017,
        "title" : "Untitled",
        "transform" : [
          0.97695154,
          -2.34067e-10,
          0.21346134,
          0,
          0.039449215,
          0.98277485,
          -0.18054785,
          0,
          -0.2097844,
          0.18480727,
          0.9601233,
          0,
          -0.033727076,
          0.029711507,
          0.15435918,
          1
        ]
      },
      {
        "date" : 741247207.977947,
        "title" : "Untitled",
        "transform" : [
          0.97695154,
          -2.34067e-10,
          0.21346134,
          0,
          0.039449215,
          0.98277485,
          -0.18054785,
          0,
          -0.20978443,
          0.18480729,
          0.9601234,
          0,
          -0.11221517,
          0.09885476,
          0.51357675,
          1
        ]
      }
    ]
  }
}