{
  "advancedEditorSelectedIdentifier" : "ShaderGraphEditorPluginID",
  "openSceneRelativePaths" : [
    "Scene.usda"
  ],
  "recentIdentifiers" : {
    "26DBAE76-5DD8-47B6-A085-1B4ADA111097" : [

    ]
  },
  "sceneCameraHistory" : {
    "26DBAE76-5DD8-47B6-A085-1B4ADA111097" : [
      {
        "date" : 741447451.654619,
        "title" : "Untitled",
        "transform" : [
          -0.6503972,
          -4.8462923e-09,
          0.7595943,
          0,
          0.26973513,
          0.9348268,
          0.23095873,
          0,
          -0.71008915,
          0.35510403,
          -0.60800874,
          0,
          -0.25998062,
          0.15395074,
          -0.34116235,
          1
        ]
      },
      {
        "date" : 741447450.176715,
        "title" : "Untitled",
        "transform" : [
          -0.6503972,
          -4.8462923e-09,
          0.7595943,
          0,
          0.26973513,
          0.9348268,
          0.23095873,
          0,
          -0.71008915,
          0.35510403,
          -0.60800874,
          0,
          -0.108220585,
          0.06408416,
          -0.14201362,
          1
        ]
      },
      {
        "date" : 741447441.746411,
        "title" : "Untitled",
        "transform" : [
          0.64220375,
          -7.3929476e-09,
          0.76653403,
          0,
          0.22016123,
          0.9578657,
          -0.18445158,
          0,
          -0.7342366,
          0.28721642,
          0.6151449,
          0,
          -0.16106246,
          0.051412586,
          0.08603471,
          1
        ]
      },
      {
        "date" : 741447437.67597,
        "title" : "Untitled",
        "transform" : [
          0.9902867,
          -6.168632e-09,
          0.13904072,
          0,
          0.050136272,
          0.9327256,
          -0.35708466,
          0,
          -0.12968685,
          0.36058703,
          0.92366564,
          0,
          -0.061341718,
          0.06510808,
          0.16728559,
          1
        ]
      },
      {
        "date" : 741447431.443143,
        "title" : "Untitled",
        "transform" : [
          0.9902867,
          -6.168632e-09,
          0.13904072,
          0,
          0.050136272,
          0.9327256,
          -0.35708466,
          0,
          -0.12968685,
          0.36058703,
          0.92366564,
          0,
          -0.014475683,
          0.10250073,
          0.1592682,
          1
        ]
      },
      {
        "date" : 741447424.748621,
        "title" : "Untitled",
        "transform" : [
          -0.9092308,
          -6.7910815e-09,
          0.41629237,
          0,
          0.1720717,
          0.91057533,
          0.37582448,
          0,
          -0.3790655,
          0.4133432,
          -0.8279231,
          0,
          -0.07104747,
          0.11146878,
          -0.13641581,
          1
        ]
      },
      {
        "date" : 741447422.813529,
        "title" : "Untitled",
        "transform" : [
          -0.9092308,
          -6.7910815e-09,
          0.41629237,
          0,
          0.1720717,
          0.91057533,
          0.37582448,
          0,
          -0.3790655,
          0.4133432,
          -0.8279231,
          0,
          -0.08462511,
          0.062163815,
          -0.15481496,
          1
        ]
      },
      {
        "date" : 741447408.043406,
        "title" : "Untitled",
        "transform" : [
          -0.9092308,
          -6.7910815e-09,
          0.41629237,
          0,
          0.1720717,
          0.91057533,
          0.37582448,
          0,
          -0.3790655,
          0.4133432,
          -0.8279231,
          0,
          -0.08462511,
          0.062163815,
          -0.15481496,
          1
        ]
      },
      {
        "date" : 741447405.680475,
        "title" : "Untitled",
        "transform" : [
          -0.9092308,
          -6.7910815e-09,
          0.41629237,
          0,
          0.1720717,
          0.91057533,
          0.37582448,
          0,
          -0.3790655,
          0.4133432,
          -0.8279231,
          0,
          -0.07048659,
          0.0768605,
          -0.15395093,
          1
        ]
      },
      {
        "date" : 741447404.346141,
        "title" : "Untitled",
        "transform" : [
          -0.9092308,
          -6.7910815e-09,
          0.41629237,
          0,
          0.1720717,
          0.91057533,
          0.37582448,
          0,
          -0.3790655,
          0.4133432,
          -0.8279231,
          0,
          -0.047108516,
          0.05136841,
          -0.10289049,
          1
        ]
      }
    ]
  }
}